[0.6        0.78539816]
[0.6        0.78539816]
[0.6        0.78539816]
[0.6        0.78539816]
[0.6        0.78539816]
[0.6        0.78539816]
[0.6        0.78539816]
[0.6        0.31266008]
[ 0.6        -0.23152555]
[ 0.6        -0.30286857]
[ 0.6        -0.19904391]
[0.40229524 0.01515364]
[0.24830225 0.21991045]
[0.15163889 0.35270456]
[0.08641423 0.39690718]
[0.04299136 0.37857696]
[0.0165829  0.32836441]
[0.00229887 0.26846915]
[-0.00443748  0.21127684]
[-0.00695112  0.16201483]
[-0.00731543  0.12192354]
[-0.00668911  0.09043479]
[-0.00568746  0.06629563]
[-0.00462396  0.04811879]
[-0.00364545  0.0346233 ]
[-0.00280936  0.02471953]
[-0.00212693  0.01752345]
[-0.00158723  0.01234028]
[-0.00117025  0.00863617]
[-0.00085389  0.00600797]
[-0.00061739  0.00415557]
[-0.00044276  0.00285813]
[-0.00031517  0.00195483]
[-0.00022281  0.00132948]
[-0.00015651  0.00089919]
[-0.00010926  0.00060461]
[-7.58319224e-05  4.04100470e-04]
[-5.23450107e-05  2.67912169e-04]
[-3.59186716e-05  1.77161083e-04]
[-2.44909965e-05  1.16068278e-04]
[-1.66229651e-05  7.54453092e-05]
[-1.12180977e-05  4.86202116e-05]
[-7.52632469e-06  3.10274491e-05]
[-5.01875982e-06  1.95785049e-05]
[-3.32521173e-06  1.21913115e-05]
[-2.18808203e-06  7.47053786e-06]
[-1.42917649e-06  4.48687621e-06]
[-9.25912727e-07  2.62540393e-06]
[-5.94435836e-07  1.48204681e-06]
[-3.77702686e-07  7.93278073e-07]
[-2.37128107e-07  3.88654871e-07]
[-1.46762976e-07  1.58960192e-07]
[-8.92604168e-08  3.49378138e-08]
[-5.30969183e-08 -2.67393933e-08]
[-3.06675610e-08 -5.28601603e-08]
[-1.69913090e-08 -5.96230243e-08]
[-8.82881903e-09 -5.66206563e-08]
[-4.09291039e-09 -4.93562019e-08]
[-1.45165397e-09 -4.08474602e-08]
[-6.46773282e-11 -3.26364447e-08]
[ 5.91619412e-10 -2.54143857e-08]
[ 8.37736660e-10 -1.94028424e-08]
[ 8.66307038e-10 -1.45800900e-08]
[ 7.90049904e-10 -1.08130490e-08]
[ 6.72592649e-10 -7.93016202e-09]
[ 5.47996804e-10 -5.75960480e-09]
[ 4.32947654e-10 -4.14721374e-09]
[ 3.34275906e-10 -2.96303645e-09]
[ 2.53480203e-10 -2.10191601e-09]
[ 1.89417085e-10 -1.48117604e-09]
[ 1.39818519e-10 -1.03723430e-09]
[ 1.02125246e-10 -7.22019131e-10]
[ 7.39069189e-11 -4.99699520e-10]
[ 5.3044498e-11 -3.4388668e-10]
[ 3.77877725e-11 -2.35337582e-10]
[ 2.67328739e-11 -1.60157255e-10]
[ 1.87893429e-11 -1.08377991e-10]
[ 1.31259957e-11 -7.29170510e-11]
[ 9.11535731e-12 -4.87665191e-11]
[ 6.29371072e-12 -3.24101504e-11]
[ 4.32169545e-12 -2.13983686e-11]
[ 2.95064947e-12 -1.40266121e-11]
[ 2.00339335e-12 -9.12421717e-12]
[ 1.35320361e-12 -5.88418209e-12]
[ 9.07703382e-13 -3.75837767e-12]
[ 6.05318173e-13 -2.37393133e-12]
[ 4.01789179e-13 -1.47925144e-12]
[ 2.64417743e-13 -9.08194065e-13]
[ 1.72915690e-13 -5.46503477e-13]
[ 1.11536961e-13 -3.20494318e-13]
[ 7.24763250e-14 -1.81648104e-13]
[ 4.50692843e-14 -9.81680736e-14]
[ 2.82935912e-14 -4.83070935e-14]
[ 1.85440046e-14 -1.97391570e-14]
[ 1.07118551e-14 -5.79008274e-15]
[7.14559523e-15 2.85977626e-15]
[4.04670958e-15 5.49286315e-15]
[2.86144987e-15 6.56726789e-15]
[7.07544819e-16 5.86557508e-15]
[1.26192359e-15 5.98753899e-15]
[0.6        0.78539816]
[0.6        0.78539816]
[0.6        0.78539816]
[0.6        0.78539816]
[0.6        0.78539816]
[0.6        0.78539816]
[0.6        0.78539816]
[0.6        0.31266008]
[ 0.6        -0.23152555]
[ 0.6        -0.30286857]
[ 0.6        -0.19904391]
[0.40229524 0.01515364]
[0.24830225 0.21991045]
[0.15163889 0.35270456]
[0.08641423 0.39690718]
[0.04299136 0.37857696]
[0.0165829  0.32836441]
[0.00229887 0.26846915]
[-0.00443748  0.21127684]
[-0.00695112  0.16201483]
[-0.00731543  0.12192354]
[-0.00668911  0.09043479]
[-0.00568746  0.06629563]
[-0.00462396  0.04811879]
[-0.00364545  0.0346233 ]
[-0.00280936  0.02471953]
[-0.00212693  0.01752345]
[-0.00158723  0.01234028]
[-0.00117025  0.00863617]
[-0.00085389  0.00600797]
[-0.00061739  0.00415557]
[-0.00044276  0.00285813]
[-0.00031517  0.00195483]
[-0.00022281  0.00132948]
[-0.00015651  0.00089919]
[-0.00010926  0.00060461]
[-7.58319224e-05  4.04100470e-04]
[-5.23450107e-05  2.67912169e-04]
[-3.59186716e-05  1.77161083e-04]
[-2.44909965e-05  1.16068278e-04]
[-1.66229651e-05  7.54453092e-05]
[-1.12180977e-05  4.86202116e-05]
[-7.52632469e-06  3.10274491e-05]
[-5.01875982e-06  1.95785049e-05]
[-3.32521173e-06  1.21913115e-05]
[-2.18808203e-06  7.47053786e-06]
[-1.42917649e-06  4.48687621e-06]
[-9.25912727e-07  2.62540393e-06]
[-5.94435836e-07  1.48204681e-06]
[-3.77702686e-07  7.93278073e-07]
[-2.37128107e-07  3.88654871e-07]
[-1.46762976e-07  1.58960192e-07]
[-8.92604168e-08  3.49378138e-08]
[-5.30969183e-08 -2.67393933e-08]
[-3.06675610e-08 -5.28601603e-08]
[-1.69913090e-08 -5.96230243e-08]
[-8.82881903e-09 -5.66206563e-08]
[-4.09291039e-09 -4.93562019e-08]
[-1.45165397e-09 -4.08474602e-08]
[-6.46773282e-11 -3.26364447e-08]
[ 5.91619412e-10 -2.54143857e-08]
[ 8.37736660e-10 -1.94028424e-08]
[ 8.66307038e-10 -1.45800900e-08]
[ 7.90049904e-10 -1.08130490e-08]
[ 6.72592649e-10 -7.93016202e-09]
[ 5.47996804e-10 -5.75960480e-09]
[ 4.32947654e-10 -4.14721374e-09]
[ 3.34275906e-10 -2.96303645e-09]
[ 2.53480203e-10 -2.10191601e-09]
[ 1.89417085e-10 -1.48117604e-09]
[ 1.39818519e-10 -1.03723430e-09]
[ 1.02125246e-10 -7.22019131e-10]
[ 7.39069189e-11 -4.99699520e-10]
[ 5.3044498e-11 -3.4388668e-10]
[ 3.77877725e-11 -2.35337582e-10]
[ 2.67328739e-11 -1.60157255e-10]
[ 1.87893429e-11 -1.08377991e-10]
[ 1.31259957e-11 -7.29170510e-11]
[ 9.11535731e-12 -4.87665191e-11]
[ 6.29371072e-12 -3.24101504e-11]
[ 4.32169545e-12 -2.13983686e-11]
[ 2.95064947e-12 -1.40266121e-11]
[ 2.00339335e-12 -9.12421717e-12]
[ 1.35320361e-12 -5.88418209e-12]
[ 9.07703382e-13 -3.75837767e-12]
[ 6.05318173e-13 -2.37393133e-12]
[ 4.01789179e-13 -1.47925144e-12]
[ 2.64417743e-13 -9.08194065e-13]
[ 1.72915690e-13 -5.46503477e-13]
[ 1.11536961e-13 -3.20494318e-13]
[ 7.24763250e-14 -1.81648104e-13]
[ 4.50692843e-14 -9.81680736e-14]
[ 2.82935912e-14 -4.83070935e-14]
[ 1.85440046e-14 -1.97391570e-14]
[ 1.07118551e-14 -5.79008274e-15]
[7.14559523e-15 2.85977626e-15]
[4.04670958e-15 5.49286315e-15]
[2.86144987e-15 6.56726789e-15]
[7.07544819e-16 5.86557508e-15]
[1.26192359e-15 5.98753899e-15]
[0.6        0.78539816]
[0.6        0.78539816]
[0.6        0.78539816]
[0.6        0.78539816]
[0.6        0.78539816]
[0.6        0.78539816]
[0.6        0.78539816]
[0.6        0.31266008]
[ 0.6        -0.23152555]
[ 0.6        -0.30286857]
[ 0.6        -0.19904391]
[0.40229524 0.01515364]
[0.24830225 0.21991045]
[0.15163889 0.35270456]
[0.08641423 0.39690718]
[0.04299136 0.37857696]
[0.0165829  0.32836441]
[0.00229887 0.26846915]
[-0.00443748  0.21127684]
[-0.00695112  0.16201483]
[-0.00731543  0.12192354]
[-0.00668911  0.09043479]
[-0.00568746  0.06629563]
[-0.00462396  0.04811879]
[-0.00364545  0.0346233 ]
[-0.00280936  0.02471953]
[-0.00212693  0.01752345]
[-0.00158723  0.01234028]
[-0.00117025  0.00863617]
[-0.00085389  0.00600797]
[-0.00061739  0.00415557]
[-0.00044276  0.00285813]
[-0.00031517  0.00195483]
[-0.00022281  0.00132948]
[-0.00015651  0.00089919]
[-0.00010926  0.00060461]
[-7.58319224e-05  4.04100470e-04]
[-5.23450107e-05  2.67912169e-04]
[-3.59186716e-05  1.77161083e-04]
[-2.44909965e-05  1.16068278e-04]
[-1.66229651e-05  7.54453092e-05]
[-1.12180977e-05  4.86202116e-05]
[-7.52632469e-06  3.10274491e-05]
[-5.01875982e-06  1.95785049e-05]
[-3.32521173e-06  1.21913115e-05]
[-2.18808203e-06  7.47053786e-06]
[-1.42917649e-06  4.48687621e-06]
[-9.25912727e-07  2.62540393e-06]
[-5.94435836e-07  1.48204681e-06]
[-3.77702686e-07  7.93278073e-07]
[-2.37128107e-07  3.88654871e-07]
[-1.46762976e-07  1.58960192e-07]
[-8.92604168e-08  3.49378138e-08]
[-5.30969183e-08 -2.67393933e-08]
[-3.06675610e-08 -5.28601603e-08]
[-1.69913090e-08 -5.96230243e-08]
[-8.82881903e-09 -5.66206563e-08]
[-4.09291039e-09 -4.93562019e-08]
[-1.45165397e-09 -4.08474602e-08]
[-6.46773282e-11 -3.26364447e-08]
[ 5.91619412e-10 -2.54143857e-08]
[ 8.37736660e-10 -1.94028424e-08]
[ 8.66307038e-10 -1.45800900e-08]
[ 7.90049904e-10 -1.08130490e-08]
[ 6.72592649e-10 -7.93016202e-09]
[ 5.47996804e-10 -5.75960480e-09]
[ 4.32947654e-10 -4.14721374e-09]
[ 3.34275906e-10 -2.96303645e-09]
[ 2.53480203e-10 -2.10191601e-09]
[ 1.89417085e-10 -1.48117604e-09]
[ 1.39818519e-10 -1.03723430e-09]
[ 1.02125246e-10 -7.22019131e-10]
[ 7.39069189e-11 -4.99699520e-10]
[ 5.3044498e-11 -3.4388668e-10]
[ 3.77877725e-11 -2.35337582e-10]
[ 2.67328739e-11 -1.60157255e-10]
[ 1.87893429e-11 -1.08377991e-10]
[ 1.31259957e-11 -7.29170510e-11]
[ 9.11535731e-12 -4.87665191e-11]
[ 6.29371072e-12 -3.24101504e-11]
[ 4.32169545e-12 -2.13983686e-11]
[ 2.95064947e-12 -1.40266121e-11]
[ 2.00339335e-12 -9.12421717e-12]
[ 1.35320361e-12 -5.88418209e-12]
[ 9.07703382e-13 -3.75837767e-12]
[ 6.05318173e-13 -2.37393133e-12]
[ 4.01789179e-13 -1.47925144e-12]
[ 2.64417743e-13 -9.08194065e-13]
[ 1.72915690e-13 -5.46503477e-13]
[ 1.11536961e-13 -3.20494318e-13]
[ 7.24763250e-14 -1.81648104e-13]
[ 4.50692843e-14 -9.81680736e-14]
[ 2.82935912e-14 -4.83070935e-14]
[ 1.85440046e-14 -1.97391570e-14]
[ 1.07118551e-14 -5.79008274e-15]
[7.14559523e-15 2.85977626e-15]
[4.04670958e-15 5.49286315e-15]
[2.86144987e-15 6.56726789e-15]
[7.07544819e-16 5.86557508e-15]
[1.26192359e-15 5.98753899e-15]
